1 8 243
2 9 230
3 11 186
4 12 95
5 12 225
6 13 110
7 13 172
8 13 202
9 13 208
10 14 122
11 14 129
12 14 155
13 14 257
14 14 263
15 14 281
16 15 236
17 15 294
18 16 209
19 16 301
20 17 188
21 17 224
22 17 236
23 17 310
24 18 131
25 18 199
26 18 299
27 18 347
28 18 357
29 19 98
30 19 256
31 19 296
32 19 318
33 19 328
34 19 338
35 20 119
36 20 221
37 21 84
38 21 117
39 21 176
40 21 204
41 21 228
42 21 280
43 21 308
44 21 372
45 22 95
46 22 121
47 22 317
48 22 339
49 23 182
50 23 350
51 23 354
52 24 83
53 24 127
54 24 153
55 24 245
56 24 263
57 24 305
58 24 327
59 25 116
60 25 206
61 25 224
62 25 292
63 26 313
64 26 391
65 27 80
66 27 146
67 27 174
68 27 265
69 27 346
70 28 85
71 28 91
72 28 129
73 28 271
74 28 285
75 28 303
76 28 323
77 28 331
78 28 371
79 28 390
80 28 393
81 29 180
82 29 263
83 29 312
84 29 358
85 30 83
86 30 145
87 30 245
88 30 321
89 30 393
90 31 106
91 31 118
92 31 218
93 31 282
94 31 298
95 31 332
96 32 109
97 32 159
98 32 275
99 32 307
100 32 349
101 32 365
102 33 316
103 33 326
104 33 354
105 34 111
106 34 139
107 34 157
108 34 165
109 34 229
110 34 299
111 34 379
112 35 96
113 35 102
114 35 122
115 35 150
116 35 184
117 35 200
118 35 220
119 35 256
120 35 268
121 35 272
122 36 315
123 36 357
124 37 182
125 37 226
126 37 234
127 37 344
128 37 364
129 37 378
130 38 105
131 38 165
132 38 190
133 38 265
134 38 311
135 39 94
136 39 108
137 39 162
138 39 258
139 39 288
140 39 394
141 40 139
142 40 179
143 40 229
144 40 233
145 40 321
146 41 184
147 41 292
148 42 87
149 42 143
150 42 187
151 42 370
152 43 98
153 43 277
154 43 406
155 44 173
156 44 283
157 44 347
158 45 124
159 45 279
160 45 292
161 45 308
162 45 386
163 45 402
164 46 162
165 46 209
166 46 271
167 46 323
168 46 346
169 47 214
170 48 129
171 48 191
172 48 281
173 49 120
174 49 170
175 49 211
176 49 215
177 50 75
178 50 79
179 50 115
180 50 129
181 50 221
182 50 298
183 51 98
184 51 168
185 51 200
186 51 240
187 51 252
188 51 314
189 51 370
190 52 123
191 52 171
192 53 246
193 54 75
194 54 79
195 54 143
196 54 333
197 54 349
198 55 112
199 55 216
200 55 224
201 55 402
202 56 239
203 56 245
204 56 333
205 56 365
206 56 387
207 57 82
208 57 106
209 57 138
210 57 148
211 57 152
212 57 200
213 57 210
214 57 222
215 57 266
216 58 91
217 58 115
218 58 119
219 58 353
220 58 407
221 59 186
222 59 208
223 59 312
224 59 378
225 59 382
226 60 147
227 60 179
228 60 205
229 60 233
230 60 261
231 60 281
232 60 299
233 61 154
234 61 396
235 62 107
236 62 141
237 62 205
238 62 367
239 63 152
240 63 160
241 63 196
242 63 232
243 63 258
244 63 276
245 63 340
246 64 109
247 64 205
248 64 251
249 64 284
250 64 305
251 65 72
252 65 192
253 65 226
254 65 372
255 66 293
256 66 319
257 67 76
258 67 200
259 67 278
260 67 282
261 67 354
262 68 249
263 68 343
264 69 96
265 69 126
266 69 138
267 69 204
268 69 316
269 70 155
270 70 161
271 70 239
272 70 320
273 70 359
274 71 95
275 71 98
276 71 190
277 71 310
278 71 318
279 71 338
280 71 392
281 72 135
282 72 158
283 72 175
284 72 349
285 72 372
286 73 97
287 73 194
288 73 266
289 73 292
290 73 338
291 73 358
292 73 390
293 74 81
294 74 111
295 74 165
296 74 177
297 74 271
298 74 287
299 75 87
300 75 122
301 75 148
302 75 160
303 75 236
304 75 395
305 76 225
306 76 331
307 77 106
308 77 194
309 77 208
310 77 256
311 77 262
312 77 354
313 77 364
314 77 394
315 78 115
316 78 125
317 78 131
318 78 173
319 78 307
320 78 341
321 78 398
322 78 407
323 79 94
324 79 152
325 79 332
326 79 382
327 80 91
328 80 107
329 80 115
330 80 221
331 80 275
332 80 297
333 81 204
334 81 214
335 81 282
336 81 338
337 81 396
338 82 75
339 82 303
340 83 72
341 83 222
342 83 312
343 83 398
344 84 99
345 84 111
346 84 119
347 84 135
348 84 177
349 84 187
350 84 205
351 84 363
352 84 395
353 85 148
354 85 214
355 85 268
356 85 313
357 85 340
358 85 354
359 85 397
360 86 381
361 86 399
362 87 118
363 87 216
364 87 250
365 87 308
366 87 310
367 88 211
368 88 247
369 88 287
370 88 323
371 88 351
372 88 357
373 88 401
374 89 86
375 89 114
376 89 152
377 89 172
378 89 289
379 89 378
380 89 384
381 89 406
382 90 83
383 90 265
384 90 307
385 90 371
386 91 88
387 91 94
388 91 214
389 91 244
390 91 309
391 91 379
392 91 382
393 92 229
394 92 271
395 92 353
396 92 355
397 93 192
398 93 198
399 93 268
400 93 284
401 94 85
402 94 87
403 94 159
404 94 163
405 94 241
406 94 259
407 94 291
408 95 124
409 95 127
410 95 370
411 96 113
412 96 175
413 96 372
414 96 405
415 97 94
416 97 148
417 97 200
418 97 210
419 97 226
420 97 276
421 97 288
422 97 298
423 97 336
424 98 245
425 98 325
426 98 359
427 99 120
428 99 186
429 99 220
430 99 364
431 100 131
432 100 311
433 100 349
434 101 152
435 101 170
436 101 218
437 101 262
438 101 264
439 101 330
440 102 195
441 102 215
442 102 321
443 102 355
444 102 373
445 103 122
446 103 140
447 103 190
448 103 342
449 103 368
450 103 386
451 104 99
452 104 231
453 104 241
454 104 299
455 105 80
456 105 104
457 105 126
458 105 250
459 105 268
460 105 272
461 106 73
462 106 143
463 106 287
464 106 331
465 106 395
466 107 150
467 107 222
468 107 256
469 107 304
470 107 340
471 108 107
472 108 213
473 108 229
474 108 246
475 108 325
476 108 335
477 108 379
478 109 94
479 109 290
480 109 328
481 110 85
482 110 263
483 110 277
484 111 116
485 111 198
486 111 260
487 111 282
488 111 334
489 111 408
490 112 131
491 112 153
492 112 169
493 112 189
494 112 217
495 112 331
496 112 361
497 112 363
498 113 96
499 113 136
500 113 266
501 113 398
502 114 195
503 114 273
504 114 285
505 115 100
506 115 206
507 115 258
508 115 342
509 115 378
510 115 400
511 116 305
512 117 84
513 117 102
514 117 162
515 117 230
516 117 342
517 118 221
518 118 245
519 118 345
520 118 369
521 118 393
522 119 120
523 119 150
524 119 176
525 119 180
526 119 262
527 120 91
528 120 123
529 120 247
530 120 279
531 120 315
532 120 341
533 120 369
534 120 371
535 120 382
536 121 74
537 121 118
538 121 142
539 121 176
540 121 180
541 121 352
542 121 398
543 122 81
544 122 160
545 122 203
546 122 237
547 122 311
548 122 396
549 123 278
550 123 292
551 123 294
552 123 334
553 124 93
554 124 201
555 124 237
556 125 156
557 125 174
558 125 215
559 125 353
560 126 127
561 126 199
562 126 207
563 126 263
564 126 289
565 126 317
566 126 381
567 127 90
568 127 166
569 127 242
570 127 312
571 127 330
572 127 344
573 127 377
574 128 85
575 128 139
576 128 183
577 128 283
578 128 293
579 128 314
580 128 359
581 128 395
582 128 403
583 129 94
584 129 202
585 129 218
586 129 322
587 129 350
588 129 408
589 130 123
590 130 269
591 130 333
592 131 180
593 131 308
594 131 386
595 131 400
596 132 135
597 132 191
598 132 245
599 132 315
600 132 339
601 133 154
602 133 178
603 133 214
604 133 230
605 133 318
606 134 193
607 134 285
608 134 289
609 134 299
610 135 82
611 135 164
612 135 198
613 135 311
614 135 360
615 136 151
616 136 231
617 136 255
618 136 355
619 137 250
620 137 268
621 137 292
622 137 298
623 137 328
624 137 374
625 138 85
626 138 119
627 138 159
628 138 167
629 138 321
630 139 74
631 139 238
632 140 153
633 140 157
634 140 215
635 140 247
636 140 281
637 140 367
638 140 382
639 141 184
640 141 260
641 142 187
642 142 241
643 142 273
644 142 307
645 142 341
646 142 377
647 142 403
648 143 110
649 143 258
650 143 284
651 143 288
652 144 203
653 144 223
654 144 369
655 144 409
656 145 208
657 145 310
658 145 336
659 146 87
660 146 165
661 146 253
662 146 373
663 146 385
664 147 74
665 147 132
666 147 200
667 147 316
668 147 350
669 148 191
670 148 273
671 148 397
672 149 132
673 149 166
674 149 208
675 149 351
676 150 143
677 150 277
678 150 377
679 151 82
680 151 176
681 151 222
682 151 264
683 151 270
684 151 362
685 151 382
686 152 103
687 152 205
688 152 337
689 153 94
690 153 212
691 154 235
692 154 343
693 155 170
694 155 364
695 156 185
696 156 305
697 156 397
698 157 120
699 157 134
700 157 180
701 157 208
702 157 250
703 157 274
704 157 370
705 158 123
706 158 161
707 158 227
708 158 317
709 158 353
710 158 387
711 159 86
712 159 90
713 159 146
714 159 260
715 159 300
716 160 109
717 160 121
718 160 329
719 161 130
720 161 147
721 161 242
722 161 320
723 162 167
724 162 255
725 162 297
726 162 313
727 162 347
728 162 357
729 163 190
730 163 278
731 163 404
732 163 408
733 164 269
734 164 375
735 165 84
736 165 92
737 165 206
738 165 266
739 166 271
740 166 275
741 166 291
742 166 315
743 166 381
744 167 72
745 167 104
746 167 172
747 167 176
748 167 256
749 167 284
750 168 165
751 168 199
752 168 263
753 169 78
754 169 88
755 169 222
756 169 270
757 169 278
758 170 99
759 170 119
760 170 133
761 170 169
762 170 179
763 170 185
764 170 241
765 170 281
766 170 299
767 170 361
768 170 383
769 170 403
770 171 212
771 171 266
772 171 294
773 172 79
774 172 89
775 172 107
776 172 139
777 172 335
778 172 369
779 173 154
780 173 274
781 173 342
782 173 406
783 174 108
784 174 159
785 174 197
786 174 225
787 174 249
788 174 321
789 174 399
790 175 94
791 175 110
792 175 128
793 175 190
794 175 210
795 175 338
796 175 356
797 175 406
798 176 73
799 176 85
800 176 173
801 176 235
802 176 309
803 176 371
804 176 389
805 177 110
806 177 144
807 177 150
808 177 250
809 177 286
810 177 288
811 177 306
812 177 346
813 177 378
814 177 402
815 178 277
816 179 202
817 179 283
818 179 288
819 180 163
820 180 175
821 180 217
822 180 265
823 180 359
824 180 387
825 181 168
826 181 285
827 181 312
828 181 368
829 181 382
830 182 95
831 182 153
832 182 303
833 182 315
834 182 345
835 182 399
836 183 142
837 183 238
838 183 342
839 183 390
840 184 171
841 184 185
842 184 273
843 184 311
844 184 315
845 185 86
846 185 160
847 185 240
848 185 260
849 186 129
850 186 146
851 186 297
852 186 405
853 187 90
854 187 102
855 187 202
856 187 218
857 187 308
858 187 354
859 187 370
860 187 380
861 188 187
862 189 76
863 189 134
864 190 81
865 190 117
866 190 377
867 190 385
868 191 164
869 191 168
870 191 280
871 192 103
872 192 123
873 192 193
874 192 209
875 192 277
876 193 90
877 193 234
878 193 296
879 193 338
880 194 83
881 194 123
882 194 135
883 194 223
884 194 327
885 194 405
886 195 112
887 195 182
888 195 240
889 195 298
890 195 364
891 196 81
892 196 87
893 196 173
894 196 229
895 196 359
896 196 389
897 197 332
898 197 374
899 198 75
900 198 115
901 198 129
902 198 239
903 198 287
904 198 291
905 198 325
906 198 367
907 198 401
908 199 84
909 199 96
910 199 144
911 199 254
912 199 276
913 199 358
914 200 159
915 200 213
916 200 219
917 200 246
918 200 315
919 201 94
920 201 146
921 201 228
922 201 244
923 201 330
924 201 364
925 202 191
926 202 295
927 202 347
928 203 170
929 203 222
930 203 230
931 203 282
932 203 382
933 203 404
934 203 408
935 204 89
936 204 149
937 204 162
938 204 189
939 204 348
940 204 379
941 205 112
942 205 130
943 205 284
944 206 193
945 206 297
946 206 335
947 207 70
948 207 266
949 207 376
950 208 187
951 208 221
952 208 261
953 208 383
954 209 208
955 209 371
956 210 137
957 210 189
958 210 307
959 211 120
960 211 200
961 211 206
962 211 226
963 211 292
964 211 380
965 212 99
966 212 157
967 212 177
968 212 247
969 213 87
970 213 102
971 213 154
972 213 258
973 213 398
974 214 191
975 214 269
976 214 331
977 215 78
978 215 392
979 216 85
980 216 195
981 216 267
982 216 273
983 217 92
984 217 138
985 217 230
986 217 252
987 217 350
988 218 105
989 219 92
990 219 148
991 219 236
992 219 262
993 219 270
994 219 310
995 219 380
996 219 402
997 220 175
998 220 187
999 220 251
1000 220 321
1001 220 347
1002 220 353
1003 220 409
1004 221 90
1005 221 102
1006 221 110
1007 221 114
1008 221 144
1009 221 309
1010 221 336
1011 222 94
1012 222 235
1013 222 391
1014 223 110
1015 223 116
1016 223 134
1017 223 142
1018 223 230
1019 223 254
1020 223 266
1021 223 350
1022 223 364
1023 224 150
1024 224 167
1025 224 291
1026 224 343
1027 225 70
1028 225 136
1029 225 180
1030 225 194
1031 225 362
1032 225 388
1033 225 396
1034 226 89
1035 226 107
1036 226 113
1037 226 147
1038 226 165
1039 226 209
1040 226 367
1041 226 373
1042 227 240
1043 227 286
1044 228 125
1045 228 395
1046 229 324
1047 229 364
1048 230 113
1049 230 157
1050 230 201
1051 230 297
1052 230 315
1053 230 327
1054 230 353
1055 231 72
1056 231 124
1057 231 240
1058 231 300
1059 231 322
1060 231 390
1061 232 109
1062 232 133
1063 232 181
1064 232 285
1065 232 345
1066 233 190
1067 233 222
1068 233 350
1069 233 388
1070 234 81
1071 234 219
1072 234 303
1073 234 311
1074 235 94
1075 235 128
1076 235 172
1077 235 248
1078 235 378
1079 235 408
1080 236 145
1081 236 175
1082 236 199
1083 236 289
1084 236 403
1085 237 104
1086 237 194
1087 237 218
1088 237 270
1089 237 340
1090 238 155
1091 238 315
1092 238 321
1093 238 335
1094 239 140
1095 239 224
1096 239 276
1097 240 83
1098 240 149
1099 240 226
1100 240 401
1101 241 90
1102 241 252
1103 242 86
1104 242 107
1105 242 335
1106 242 353
1107 242 365
1108 242 395
1109 243 72
1110 243 80
1111 243 128
1112 243 136
1113 243 166
1114 243 207
1115 243 374
1116 243 408
1117 244 91
1118 244 160
1119 244 263
1120 244 405
1121 245 79
1122 245 104
1123 245 176
1124 245 304
1125 245 340
1126 245 370
1127 246 92
1128 246 281
1129 246 287
1130 246 307
1131 246 329
1132 246 361
1133 247 96
1134 247 146
1135 247 168
1136 248 123
1137 248 159
1138 248 343
1139 248 395
1140 249 96
1141 249 144
1142 249 264
1143 249 378
1144 250 149
1145 250 183
1146 250 247
1147 250 291
1148 250 347
1149 250 369
1150 250 399
1151 251 72
1152 251 94
1153 251 266
1154 251 276
1155 251 330
1156 252 101
1157 252 145
1158 252 155
1159 252 162
1160 252 261
1161 252 385
1162 252 391
1163 253 208
1164 253 234
1165 253 296
1166 253 364
1167 253 374
1168 253 402
1169 254 262
1170 255 218
1171 255 336
1172 255 386
1173 256 125
1174 256 159
1175 256 231
1176 256 237
1177 256 255
1178 256 361
1179 256 367
1180 257 150
1181 257 216
1182 257 220
1183 257 280
1184 257 376
1185 257 408
1186 258 185
1187 258 285
1188 258 352
1189 258 397
1190 259 139
1191 259 256
1192 259 364
1193 259 382
1194 260 217
1195 260 233
1196 260 235
1197 260 259
1198 260 325
1199 260 373
1200 261 76
1201 261 132
1202 261 148
1203 261 198
1204 262 189
1205 262 297
1206 262 315
1207 262 337
1208 263 318
1209 264 73
1210 264 107
1211 264 120
1212 264 143
1213 264 161
1214 264 181
1215 264 349
1216 264 363
1217 265 86
1218 265 238
1219 265 291
1220 265 312
1221 265 330
1222 265 384
1223 265 408
1224 266 187
1225 266 319
1226 266 375
1227 266 401
1228 267 342
1229 268 115
1230 268 157
1231 268 229
1232 268 247
1233 269 122
1234 269 168
1235 269 223
1236 269 290
1237 269 304
1238 269 316
1239 269 354
1240 269 372
1241 269 380
1242 270 103
1243 270 175
1244 270 203
1245 270 209
1246 270 230
1247 270 265
1248 270 397
1249 271 92
1250 271 118
1251 271 126
1252 271 170
1253 271 270
1254 271 328
1255 271 399
1256 272 167
1257 272 191
1258 272 325
1259 272 375
1260 272 379
1261 273 126
1262 273 200
1263 273 328
1264 273 330
1265 273 338
1266 274 115
1267 274 221
1268 274 301
1269 275 108
1270 275 160
1271 275 178
1272 275 212
1273 275 228
1274 275 262
1275 275 318
1276 275 408
1277 276 273
1278 276 297
1279 277 211
1280 277 224
1281 277 252
1282 277 264
1283 277 342
1284 278 91
1285 278 133
1286 278 137
1287 278 159
1288 278 169
1289 278 185
1290 278 271
1291 278 275
1292 278 353
1293 279 122
1294 279 204
1295 279 256
1296 280 120
1297 280 171
1298 280 275
1299 280 349
1300 281 72
1301 281 104
1302 281 140
1303 281 164
1304 281 386
1305 282 119
1306 282 125
1307 282 155
1308 282 259
1309 282 313
1310 282 391
1311 283 138
1312 283 200
1313 283 308
1314 283 370
1315 284 75
1316 284 97
1317 284 219
1318 284 333
1319 284 351
1320 284 357
1321 285 122
1322 285 148
1323 285 156
1324 285 166
1325 285 188
1326 285 216
1327 285 336
1328 286 81
1329 286 169
1330 286 247
1331 286 355
1332 287 238
1333 287 290
1334 287 362
1335 287 382
1336 287 392
1337 288 141
1338 288 191
1339 288 243
1340 288 257
1341 289 73
1342 289 160
1343 289 236
1344 289 284
1345 289 376
1346 290 71
1347 290 97
1348 290 109
1349 290 145
1350 290 251
1351 290 271
1352 290 385
1353 291 82
1354 291 206
1355 291 212
1356 291 360
1357 292 176
1358 292 225
1359 292 241
1360 292 283
1361 292 407
1362 293 108
1363 293 126
1364 293 263
1365 293 296
1366 293 340
1367 293 344
1368 294 77
1369 294 249
1370 294 323
1371 294 325
1372 294 399
1373 295 134
1374 295 244
1375 295 276
1376 295 298
1377 296 193
1378 296 377
1379 296 381
1380 297 88
1381 297 148
1382 297 292
1383 298 197
1384 298 289
1385 298 329
1386 298 335
1387 299 176
1388 299 348
1389 299 354
1390 299 366
1391 300 117
1392 300 261
1393 300 297
1394 300 373
1395 300 397
1396 301 74
1397 301 156
1398 301 218
1399 301 322
1400 301 408
1401 302 71
1402 302 86
1403 302 137
1404 302 145
1405 302 221
1406 302 257
1407 302 273
1408 303 158
1409 303 188
1410 303 324
1411 303 358
1412 304 167
1413 304 385
1414 304 401
1415 305 78
1416 305 182
1417 305 266
1418 305 286
1419 305 316
1420 305 344
1421 305 360
1422 306 303
1423 306 323
1424 306 377
1425 306 383
1426 306 391
1427 307 150
1428 307 196
1429 307 258
1430 307 288
1431 307 318
1432 307 342
1433 308 89
1434 308 103
1435 308 115
1436 308 353
1437 308 385
1438 309 76
1439 309 192
1440 309 238
1441 309 264
1442 309 282
1443 309 348
1444 309 376
1445 310 73
1446 310 99
1447 310 287
1448 310 343
1449 310 361
1450 311 106
1451 311 168
1452 311 346
1453 311 398
1454 312 231
1455 312 233
1456 312 241
1457 312 253
1458 312 299
1459 312 355
1460 312 381
1461 313 82
1462 313 108
1463 313 162
1464 313 180
1465 313 200
1466 313 364
1467 314 101
1468 314 105
1469 314 119
1470 314 291
1471 315 164
1472 315 172
1473 315 206
1474 315 268
1475 315 331
1476 315 338
1477 315 408
1478 316 105
1479 316 191
1480 316 237
1481 316 401
1482 317 128
1483 317 152
1484 317 158
1485 317 276
1486 317 350
1487 318 403
1488 319 124
1489 319 188
1490 319 194
1491 319 352
1492 320 131
1493 320 165
1494 320 311
1495 320 341
1496 320 385
1497 321 226
1498 321 238
1499 321 258
1500 321 278
1501 321 306
1502 321 360
1503 322 99
1504 322 129
1505 322 163
1506 322 167
1507 322 195
1508 322 261
1509 322 397
1510 322 407
1511 323 86
1512 323 102
1513 324 145
1514 324 165
1515 324 207
1516 324 327
1517 325 188
1518 325 232
1519 325 264
1520 326 95
1521 326 288
1522 326 337
1523 327 254
1524 327 330
1525 328 210
1526 328 271
1527 328 290
1528 328 301
1529 328 321
1530 329 82
1531 329 104
1532 329 182
1533 329 248
1534 330 147
1535 330 215
1536 330 257
1537 330 401
1538 330 403
1539 331 128
1540 331 173
1541 331 246
1542 332 89
1543 332 101
1544 332 121
1545 332 159
1546 332 215
1547 332 327
1548 332 377
1549 332 401
1550 333 78
1551 333 186
1552 333 210
1553 333 324
1554 333 340
1555 334 153
1556 334 302
1557 334 366
1558 334 402
1559 335 120
1560 335 212
1561 335 234
1562 336 255
1563 336 273
1564 336 351
1565 336 369
1566 337 98
1567 337 232
1568 337 236
1569 337 252
1570 337 298
1571 337 364
1572 338 93
1573 338 133
1574 338 141
1575 338 209
1576 338 221
1577 338 305
1578 338 350
1579 338 353
1580 339 170
1581 339 186
1582 339 234
1583 339 278
1584 339 321
1585 339 332
1586 339 366
1587 339 382
1588 340 165
1589 340 208
1590 340 353
1591 341 138
1592 341 150
1593 341 300
1594 341 390
1595 342 145
1596 342 205
1597 342 317
1598 343 128
1599 343 174
1600 343 190
1601 343 264
1602 343 376
1603 344 89
1604 344 245
1605 344 327
1606 344 393
1607 345 143
1608 345 162
1609 345 206
1610 345 210
1611 345 218
1612 345 264
1613 346 105
1614 346 141
1615 346 153
1616 346 173
1617 346 189
1618 346 195
1619 346 329
1620 347 108
1621 347 278
1622 347 361
1623 348 129
1624 348 297
1625 348 379
1626 349 230
1627 349 246
1628 349 320
1629 349 361
1630 350 347
