1 1 2
2 1 13
3 1 16
4 2 5
5 2 16
6 3 7
7 3 8
8 3 20
9 4 37
10 4 6
11 4 29
12 5 9
13 5 21
14 6 10
15 6 29
16 6 38
17 7 12
18 7 39
19 8 9
20 8 25
21 9 18
22 10 11
23 10 35
24 11 12
25 11 24
26 12 54
27 13 14
28 13 30
29 14 15
30 14 56
31 15 17
32 15 42
33 16 22
34 17 19
35 17 31
36 18 36
37 18 40
38 19 23
39 19 26
40 20 49
41 20 25
42 21 41
43 21 36
44 22 41
45 22 55
46 23 32
47 23 43
48 24 53
49 24 66
50 25 40
51 26 31
52 26 57
53 27 34
54 27 28
55 27 50
56 28 44
57 28 51
58 29 45
59 29 90
60 30 55
61 30 56
62 31 62
63 32 33
64 32 47
65 33 34
66 33 58
67 34 48
68 35 38
69 35 46
70 36 61
71 37 45
72 37 52
73 38 59
74 39 49
75 39 67
76 40 60
77 41 61
78 42 74
79 42 73
80 43 57
81 43 63
82 44 64
83 44 78
84 45 71
85 46 53
86 46 59
87 47 63
88 47 76
89 48 77
90 48 69
91 49 81
92 50 69
93 50 51
94 51 84
95 52 65
96 52 70
97 53 72
98 54 66
99 54 97
100 55 87
101 56 68
102 57 75
103 58 76
104 58 77
105 59 96
106 59 91
107 60 25
108 60 117
109 60 92
110 61 92
111 61 109
112 62 74
113 62 94
114 63 83
115 64 80
116 64 79
117 65 177
118 65 85
119 66 86
120 67 108
121 67 81
122 68 73
123 68 82
124 69 100
125 70 71
126 70 85
127 71 112
128 72 114
129 72 106
130 73 98
131 74 93
132 75 94
133 75 99
134 76 88
135 77 95
136 78 101
137 78 111
138 79 111
139 79 80
140 80 89
141 80 154
142 81 116
143 82 119
144 82 120
145 83 99
146 83 102
147 84 104
148 84 101
149 85 148
150 86 106
151 86 115
152 87 126
153 87 119
154 88 103
155 88 102
156 89 154
157 89 140
158 90 113
159 90 96
160 91 105
161 91 114
162 92 118
163 93 98
164 93 139
165 94 110
166 95 103
167 95 127
168 96 105
169 97 108
170 97 107
171 98 121
172 99 110
173 99 134
174 100 104
175 100 127
176 101 128
177 102 122
178 103 76
179 103 145
180 104 123
181 105 136
182 106 141
183 107 115
184 107 137
185 108 131
186 109 126
187 109 125
188 110 147
189 111 129
190 112 113
191 112 135
192 113 130
193 114 158
194 115 149
195 116 132
196 116 124
197 117 25
198 117 40
199 117 132
200 117 165
201 118 169
202 118 125
203 119 138
204 120 133
205 120 121
206 121 153
207 122 134
208 122 145
209 123 128
210 123 157
211 124 146
212 124 142
213 125 143
214 126 144
215 127 157
216 128 151
217 129 151
218 129 162
219 130 152
220 130 136
221 131 137
222 131 155
223 132 150
224 133 138
225 133 166
226 134 161
227 135 152
228 135 148
229 136 179
230 137 164
231 138 187
232 139 156
233 139 147
234 140 162
235 140 163
236 141 170
237 141 149
238 142 155
239 142 146
240 143 144
241 143 181
242 144 186
243 145 167
244 146 150
245 147 160
246 148 178
247 149 195
248 150 171
249 151 189
250 152 183
251 153 159
252 153 166
253 154 163
254 154 220
255 155 174
256 156 159
257 156 172
258 156 160
259 157 168
260 158 173
261 158 170
262 159 172
263 160 182
264 161 182
265 161 188
266 162 206
267 163 201
268 164 184
269 164 211
270 165 175
271 165 185
272 166 215
273 167 188
274 167 196
275 168 196
276 168 197
277 169 175
278 169 176
279 170 180
280 171 221
281 171 185
282 172 231
283 173 179
284 173 190
285 174 184
286 174 191
287 175 213
288 176 181
289 176 199
290 177 178
291 177 193
292 178 194
293 179 198
294 180 190
295 180 209
296 181 200
297 182 232
298 183 216
299 183 208
300 184 191
301 185 212
302 186 192
303 186 202
304 187 192
305 187 230
306 188 223
307 189 205
308 189 224
309 190 218
310 191 240
311 191 227
312 192 203
313 193 251
314 193 194
315 194 207
316 195 209
317 195 210
318 196 204
319 197 245
320 197 219
321 198 208
322 198 217
323 199 213
324 199 214
325 200 214
326 200 229
327 201 234
328 201 220
329 202 229
330 202 203
331 203 248
332 204 256
333 204 245
334 205 219
335 205 238
336 206 225
337 206 234
338 207 216
339 207 257
340 208 235
341 209 236
342 210 211
343 210 226
344 211 233
345 212 241
346 212 228
347 213 222
348 214 253
349 215 230
350 215 244
351 216 264
352 217 218
353 217 246
354 218 265
355 219 261
356 220 322
357 221 227
358 221 252
359 222 228
360 222 237
361 223 250
362 223 256
363 224 225
364 224 254
365 225 280
366 226 236
367 226 239
368 227 283
369 228 237
370 229 242
371 230 243
372 231 244
373 231 249
374 232 255
375 232 250
376 233 240
377 233 239
378 234 280
379 235 264
380 235 246
381 236 266
382 237 247
383 237 258
384 238 273
385 238 254
386 239 269
387 240 184
388 240 270
389 241 252
390 241 258
391 242 253
392 242 271
393 243 248
394 243 288
395 244 259
396 245 279
397 245 263
398 246 294
399 247 222
400 247 267
401 248 262
402 249 260
403 249 255
404 250 277
405 251 257
406 251 340
407 252 276
408 253 305
409 254 285
410 255 289
411 256 268
412 256 272
413 257 293
414 258 287
415 258 267
416 259 297
417 259 260
418 260 298
419 261 284
420 261 273
421 262 271
422 262 310
423 263 279
424 263 284
425 264 275
426 264 274
427 265 300
428 265 281
429 266 281
430 266 301
431 267 309
432 268 277
433 268 278
434 269 301
435 269 282
436 270 282
437 270 295
438 271 303
439 272 278
440 272 306
441 273 291
442 274 299
443 274 286
444 275 307
445 275 286
446 276 296
447 276 287
448 277 319
449 278 342
450 279 290
451 279 306
452 280 292
453 280 304
454 281 317
455 282 302
456 283 295
457 283 296
458 284 320
459 284 312
460 285 313
461 285 326
462 286 323
463 287 308
464 288 311
465 288 297
466 289 298
467 289 332
468 290 263
469 290 320
470 291 312
471 291 313
472 292 225
473 292 326
474 292 314
475 293 299
476 293 338
477 294 307
478 294 315
479 295 302
480 295 318
481 296 318
482 297 331
483 298 335
484 299 327
485 300 315
486 300 316
487 301 324
488 302 324
489 303 305
490 303 368
491 304 321
492 304 314
493 305 330
494 306 325
495 307 328
496 308 349
497 308 333
498 309 334
499 309 333
500 310 364
501 310 311
502 311 355
503 312 358
504 313 351
505 314 337
506 315 329
507 316 317
508 316 346
509 317 347
510 318 348
511 319 339
512 319 342
513 320 336
514 321 322
515 321 337
516 322 381
517 323 327
518 323 344
519 324 353
520 325 336
521 325 370
522 326 360
523 327 374
524 328 345
525 328 344
526 329 345
527 329 346
528 330 334
529 330 341
530 331 335
531 331 355
532 332 339
533 332 378
534 333 350
535 334 354
536 335 369
537 336 357
538 337 352
539 337 343
540 338 340
541 338 382
542 339 365
543 340 461
544 341 363
545 341 393
546 342 356
547 343 361
548 343 359
549 344 387
550 345 375
551 346 362
552 347 409
553 347 353
554 348 349
555 348 377
556 349 397
557 350 367
558 350 398
559 351 372
560 351 385
561 352 380
562 352 359
563 353 376
564 354 367
565 354 363
566 355 383
567 355 394
568 356 370
569 356 366
570 357 371
571 357 423
572 358 371
573 358 372
574 359 361
575 360 379
576 360 380
577 361 352
578 361 373
579 362 375
580 362 408
581 363 388
582 364 368
583 364 406
584 365 366
585 365 384
586 366 390
587 367 388
588 368 389
589 369 400
590 369 378
591 370 425
592 371 395
593 372 396
594 373 381
595 373 414
596 374 382
597 374 386
598 375 411
599 376 416
600 376 403
601 377 404
602 377 412
603 378 407
604 379 385
605 379 391
606 380 392
607 381 414
608 382 401
609 383 406
610 383 399
611 384 422
612 384 390
613 385 410
614 386 387
615 386 402
616 387 415
617 388 418
618 388 429
619 389 405
620 389 424
621 390 432
622 391 392
623 391 413
624 392 379
625 392 450
626 393 419
627 393 405
628 394 399
629 394 420
630 395 433
631 395 396
632 396 426
633 397 398
634 397 428
635 398 417
636 399 438
637 400 421
638 400 420
639 401 455
640 401 402
641 402 415
642 403 434
643 403 404
644 404 435
645 405 424
646 406 437
647 407 421
648 407 422
649 408 409
650 408 427
651 409 431
652 410 430
653 410 413
654 411 456
655 411 427
656 412 435
657 412 428
658 413 444
659 414 465
660 414 489
661 415 451
662 416 446
663 416 434
664 417 418
665 417 440
666 418 441
667 419 429
668 419 452
669 420 460
670 421 463
671 422 454
672 423 439
673 423 448
674 424 453
675 424 458
676 425 442
677 425 439
678 426 443
679 426 430
680 427 445
681 428 447
682 429 436
683 430 449
684 431 457
685 431 446
686 432 384
687 432 469
688 432 442
689 433 448
690 433 443
691 434 466
692 435 492
693 436 441
694 436 467
695 437 438
696 437 468
697 438 459
698 439 464
699 440 447
700 440 485
701 441 472
702 442 475
703 443 496
704 444 449
705 444 477
706 445 484
707 445 457
708 446 462
709 447 493
710 448 470
711 449 497
712 450 477
713 450 465
714 451 456
715 451 478
716 452 473
717 452 453
718 453 405
719 453 474
720 454 479
721 454 469
722 455 461
723 455 481
724 456 471
725 457 490
726 458 474
727 458 468
728 459 460
729 459 482
730 460 483
731 461 536
732 462 499
733 462 466
734 463 479
735 463 487
736 464 480
737 464 476
738 465 373
739 465 501
740 466 491
741 467 494
742 467 473
743 468 486
744 469 511
745 470 476
746 470 508
747 471 505
748 471 484
749 472 494
750 472 506
751 473 515
752 474 518
753 475 531
754 475 480
755 476 488
756 477 509
757 478 481
758 478 498
759 479 504
760 480 495
761 481 512
762 482 486
763 482 500
764 483 487
765 483 503
766 484 522
767 485 502
768 485 506
769 486 507
770 487 504
771 488 495
772 488 508
773 489 510
774 489 588
775 490 528
776 490 499
777 491 523
778 491 514
779 492 514
780 492 524
781 493 525
782 493 502
783 494 517
784 495 552
785 496 497
786 496 541
787 497 520
788 498 505
789 498 527
790 499 538
791 500 526
792 500 503
793 501 521
794 501 510
795 502 554
796 503 530
797 504 530
798 504 550
799 505 513
800 506 545
801 507 529
802 507 526
803 508 516
804 509 535
805 509 534
806 510 542
807 511 551
808 511 547
809 512 527
810 512 543
811 513 553
812 513 537
813 514 544
814 515 517
815 515 546
816 516 488
817 516 519
818 516 532
819 517 558
820 518 546
821 518 529
822 519 508
823 519 532
824 519 541
825 520 533
826 520 534
827 521 535
828 521 548
829 522 528
830 522 537
831 523 538
832 523 556
833 524 525
834 524 539
835 525 540
836 526 563
837 527 553
838 528 560
839 529 569
840 530 549
841 531 547
842 531 565
843 532 552
844 532 572
845 533 534
846 533 580
847 534 573
848 535 566
849 536 543
850 536 630
851 537 589
852 538 575
853 539 557
854 539 540
855 540 576
856 541 559
857 542 548
858 542 582
859 543 574
860 544 556
861 544 568
862 545 554
863 545 562
864 546 555
865 547 570
866 548 581
867 549 590
868 549 577
869 550 551
870 550 564
871 551 578
872 552 571
873 553 567
874 553 583
875 554 561
876 555 569
877 555 604
878 556 601
879 557 568
880 557 592
881 558 562
882 558 585
883 559 580
884 559 587
885 560 589
886 560 596
887 561 597
888 561 584
889 562 584
890 562 603
891 563 617
892 563 590
893 564 577
894 564 578
895 565 579
896 565 586
897 566 573
898 566 594
899 567 574
900 567 583
901 568 611
902 569 598
903 570 593
904 570 579
905 571 586
906 571 591
907 572 600
908 572 587
909 573 624
910 574 610
911 575 596
912 575 615
913 576 592
914 576 597
915 577 607
916 578 608
917 578 609
918 579 599
919 580 614
920 581 594
921 581 595
922 582 588
923 582 595
924 583 625
925 583 648
926 584 612
927 585 603
928 585 604
929 586 605
930 587 618
931 588 655
932 589 626
933 590 620
934 591 600
935 591 623
936 592 602
937 593 609
938 593 613
939 594 638
940 595 647
941 596 665
942 597 606
943 598 631
944 598 619
945 599 613
946 599 605
947 600 645
948 601 615
949 601 627
950 602 639
951 602 628
952 603 634
953 604 616
954 605 629
955 606 641
956 606 612
957 607 608
958 607 636
959 608 564
960 608 621
961 609 622
962 610 630
963 610 625
964 611 627
965 611 628
966 612 652
967 613 644
968 614 618
969 614 637
970 615 632
971 616 653
972 616 631
973 617 619
974 617 640
975 618 668
976 619 635
977 620 640
978 620 643
979 621 651
980 621 622
981 622 644
982 623 629
983 623 658
984 624 637
985 624 646
986 625 567
987 625 659
988 626 648
989 626 665
990 627 633
991 628 660
992 629 667
993 630 664
994 631 642
995 632 633
996 632 676
997 633 660
998 634 656
999 634 653
1000 635 642
1001 635 661
1002 636 643
1003 636 650
1004 637 654
1005 638 646
1006 638 663
1007 639 680
1008 639 641
1009 640 649
1010 641 669
1011 642 691
1012 643 670
1013 644 657
1014 645 658
1015 645 668
1016 646 662
1017 647 671
1018 647 655
1019 648 698
1020 648 686
1021 649 661
1022 649 682
1023 650 651
1024 650 677
1025 651 715
1026 652 656
1027 652 666
1028 653 681
1029 654 684
1030 654 662
1031 655 732
1032 656 674
1033 657 696
1034 657 667
1035 658 688
1036 659 689
1037 659 679
1038 660 673
1039 661 702
1040 662 678
1041 663 685
1042 663 671
1043 664 744
1044 664 679
1045 665 672
1046 666 669
1047 666 687
1048 667 708
1049 668 675
1050 668 692
1051 669 695
1052 670 683
1053 670 677
1054 671 697
1055 672 626
1056 672 676
1057 672 705
1058 672 699
1059 673 706
1060 673 680
1061 673 693
1062 674 687
1063 674 690
1064 675 684
1065 675 709
1066 676 665
1067 676 713
1068 677 703
1069 678 685
1070 678 704
1071 679 711
1072 680 693
1073 680 700
1074 681 707
1075 681 690
1076 682 683
1077 682 714
1078 683 703
1079 684 694
1080 685 710
1081 686 689
1082 686 716
1083 687 701
1084 688 718
1085 688 692
1086 689 712
1087 690 701
1088 691 721
1089 691 707
1090 692 645
1091 692 727
1092 693 723
1093 694 728
1094 694 704
1095 695 700
1096 695 729
1097 696 715
1098 696 726
1099 697 710
1100 697 731
1101 698 705
1102 698 716
1103 698 717
1104 699 719
1105 699 713
1106 700 747
1107 701 737
1108 702 721
1109 702 724
1110 703 733
1111 703 730
1112 704 734
1113 705 717
1114 705 719
1115 706 720
1116 706 723
1117 707 755
1118 708 726
1119 708 722
1120 709 727
1121 709 728
1122 710 743
1123 711 712
1124 711 735
1125 712 736
1126 713 720
1127 714 724
1128 714 738
1129 715 725
1130 716 745
1131 717 759
1132 718 722
1133 718 777
1134 719 760
1135 720 776
1136 720 779
1137 721 764
1138 722 742
1139 723 750
1140 723 746
1141 724 748
1142 725 741
1143 725 766
1144 726 742
1145 727 781
1146 728 767
1147 729 763
1148 729 751
1149 730 749
1150 730 740
1151 731 769
1152 731 732
1153 732 782
1154 733 738
1155 733 739
1156 734 743
1157 734 778
1158 735 753
1159 735 754
1160 736 754
1161 736 758
1162 737 751
1163 737 770
1164 738 752
1165 739 740
1166 739 756
1167 740 757
1168 741 749
1169 741 772
1170 742 802
1171 742 788
1172 743 768
1173 744 753
1174 744 798
1175 745 758
1176 745 775
1177 746 747
1178 746 761
1179 747 762
1180 748 787
1181 748 752
1182 749 765
1183 750 706
1184 750 784
1185 750 761
1186 751 785
1187 752 771
1188 753 773
1189 754 774
1190 755 770
1191 755 786
1192 756 771
1193 756 780
1194 757 780
1195 757 765
1196 758 790
1197 758 775
1198 759 791
1199 759 792
1200 760 792
1201 760 776
1202 761 800
1203 762 763
1204 762 800
1205 763 793
1206 764 801
1207 764 787
1208 765 809
1209 766 772
1210 766 811
1211 767 796
1212 767 778
1213 768 804
1214 768 813
1215 769 789
1216 769 782
1217 770 794
1218 771 822
1219 772 810
1220 773 798
1221 773 799
1222 774 799
1223 774 790
1224 775 783
1225 776 806
1226 777 788
1227 777 795
1228 778 803
1229 779 784
1230 779 807
1231 780 815
1232 781 795
1233 781 812
1234 782 797
1235 783 791
1236 784 819
1237 785 793
1238 785 816
1239 786 801
1240 786 821
1241 787 808
1242 788 833
1243 789 804
1244 789 814
1245 790 830
1246 791 805
1247 792 849
1248 793 841
1249 794 816
1250 794 821
1251 795 838
1252 796 812
1253 796 823
1254 797 814
1255 797 852
1256 798 862
1257 799 845
1258 800 825
1259 800 820
1260 801 837
1261 802 811
1262 802 827
1263 803 828
1264 803 813
1265 804 824
1266 805 783
1267 805 759
1268 805 854
1269 805 865
1270 806 807
1271 806 836
1272 807 831
1273 808 847
1274 808 848
1275 809 810
1276 809 817
1277 810 818
1278 811 832
1279 812 834
1280 813 829
1281 814 835
1282 815 817
1283 815 842
1284 816 855
1285 817 826
1286 818 826
1287 818 851
1288 819 825
1289 819 846
1290 820 840
1291 820 841
1292 821 856
1293 822 848
1294 822 842
1295 823 858
1296 823 828
1297 824 829
1298 824 839
1299 825 840
1300 826 870
1301 827 833
1302 827 843
1303 828 859
1304 829 860
1305 830 853
1306 830 854
1307 831 850
1308 831 846
1309 832 851
1310 832 857
1311 833 844
1312 834 838
1313 834 858
1314 835 839
1315 835 852
1316 836 863
1317 836 850
1318 837 877
1319 837 847
1320 838 879
1321 839 867
1322 840 869
1323 841 861
1324 842 875
1325 843 844
1326 843 857
1327 844 884
1328 845 864
1329 845 853
1330 846 868
1331 847 888
1332 848 911
1333 849 872
1334 849 863
1335 850 910
1336 851 878
1337 852 885
1338 853 876
1339 854 871
1340 855 873
1341 855 874
1342 856 874
1343 856 883
1344 857 889
1345 857 918
1346 858 895
1347 859 890
1348 859 866
1349 860 866
1350 860 867
1351 861 887
1352 861 873
1353 862 864
1354 862 899
1355 863 882
1356 864 880
1357 865 872
1358 865 886
1359 866 898
1360 867 896
1361 868 869
1362 868 914
1363 869 893
1364 870 875
1365 870 903
1366 871 886
1367 871 909
1368 872 881
1369 873 925
1370 874 915
1371 875 912
1372 876 892
1373 876 909
1374 877 894
1375 877 888
1376 878 904
1377 878 889
1378 879 897
1379 879 927
1380 880 892
1381 880 891
1382 881 900
1383 881 901
1384 882 910
1385 882 901
1386 883 916
1387 883 894
1388 884 905
1389 884 897
1390 885 907
1391 885 934
1392 886 900
1393 887 893
1394 887 938
1395 888 902
1396 888 917
1397 889 926
1398 890 895
1399 890 906
1400 891 899
1401 891 908
1402 892 908
1403 893 928
1404 894 921
1405 895 913
1406 896 932
1407 896 907
1408 897 923
1409 898 906
1410 898 940
1411 899 947
1412 900 941
1413 901 942
1414 902 877
1415 902 930
1416 902 922
1417 903 931
1418 903 904
1419 904 926
1420 905 918
1421 905 923
1422 906 924
1423 907 933
1424 908 935
1425 909 919
1426 910 920
1427 911 917
1428 911 952
1429 912 948
1430 912 931
1431 913 939
1432 913 924
1433 914 936
1434 914 937
1435 915 916
1436 915 954
1437 916 929
1438 917 922
1439 918 958
1440 919 965
1441 919 935
1442 920 956
1443 920 936
1444 921 929
1445 921 930
1446 922 968
1447 923 946
1448 924 955
1449 925 938
1450 925 944
1451 926 945
1452 927 939
1453 927 946
1454 928 937
1455 928 967
1456 929 951
1457 930 962
1458 931 943
1459 932 940
1460 932 953
1461 933 934
1462 933 973
1463 934 1003
1464 935 969
1465 936 971
1466 937 966
1467 938 950
1468 939 987
1469 940 949
1470 941 970
1471 941 959
1472 942 959
1473 942 956
1474 943 982
1475 943 963
1476 944 957
1477 944 960
1478 945 963
1479 945 958
1480 946 976
1481 947 1027
1482 947 977
1483 948 952
1484 948 975
1485 949 955
1486 949 964
1487 950 967
1488 950 957
1489 951 954
1490 951 962
1491 952 972
1492 953 964
1493 953 978
1494 954 961
1495 955 1022
1496 956 984
1497 957 974
1498 958 994
1499 959 1007
1500 960 961
1501 960 980
1502 961 1039
1503 962 985
1504 963 1025
1505 964 995
1506 965 970
1507 965 983
1508 966 971
1509 966 1024
1510 967 997
1511 968 991
1512 968 986
1513 969 983
1514 969 979
1515 970 988
1516 971 990
1517 972 992
1518 972 986
1519 973 978
1520 973 996
1521 974 998
1522 974 980
1523 975 981
1524 975 982
1525 976 1000
1526 976 1010
1527 977 979
1528 977 1027
1529 978 1013
1530 979 1004
1531 980 1030
1532 981 992
1533 981 993
1534 982 993
1535 982 1043
1536 983 989
1537 984 1008
1538 984 1016
1539 985 991
1540 985 1018
1541 986 999
1542 987 1001
1543 987 1002
1544 988 1005
1545 988 1006
1546 989 1011
1547 989 1004
1548 990 1008
1549 990 1023
1550 991 1012
1551 992 1019
1552 992 1020
1553 993 1020
1554 994 1009
1555 994 1000
1556 994 1052
1557 995 1032
1558 995 1041
1559 996 1033
1560 996 1003
1561 997 1024
1562 997 1029
1563 998 1029
1564 998 1030
1565 999 1042
1566 999 1019
1567 1000 1046
1568 1001 1026
1569 1001 1021
1570 1002 1021
1571 1002 1031
1572 1003 1079
1573 1004 1034
1574 1005 1011
1575 1005 1035
1576 1006 1007
1577 1006 1014
1578 1007 1015
1579 1008 1017
1580 1009 1000
1581 1009 1052
1582 1009 1058
1583 1010 1053
1584 1010 1026
1585 1011 1034
1586 1012 1018
1587 1012 1042
1588 1013 1032
1589 1013 1033
1590 1014 1035
1591 1014 1036
1592 1015 1036
1593 1015 1044
1594 1016 1044
1595 1016 1028
1596 1017 1037
1597 1017 1028
1598 1018 1067
1599 1019 1077
1600 1020 1088
1601 1021 1054
1602 1022 1031
1603 1022 1040
1604 1023 1049
1605 1023 1037
1606 1024 1038
1607 1025 1043
1608 1025 1051
1609 1026 1065
1610 1027 1055
1611 1028 1062
1612 1029 1063
1613 1030 1066
1614 1030 1050
1615 1031 1054
1616 1031 1047
1617 1032 1060
1618 1033 1045
1619 1034 1070
1620 1034 1074
1621 1035 1061
1622 1036 1048
1623 1037 1008
1624 1037 1080
1625 1038 1049
1626 1038 1076
1627 1039 1050
1628 1039 1071
1629 1040 1041
1630 1040 1047
1631 1041 1078
1632 1042 1057
1633 1043 1064
1634 1044 1056
1635 1045 1060
1636 1045 1084
1637 1046 1053
1638 1046 1059
1639 1047 1107
1640 1048 1061
1641 1048 1056
1642 1049 1090
1643 1050 1082
1644 1051 1083
1645 1051 1058
1646 1052 1073
1647 1052 1059
1648 1053 1093
1649 1054 1068
1650 1055 1109
1651 1055 1070
1652 1056 1075
1653 1057 1099
1654 1057 1077
1655 1058 1072
1656 1059 1092
1657 1060 1069
1658 1061 1085
1659 1062 1075
1660 1062 1094
1661 1063 1081
1662 1063 1066
1663 1064 1096
1664 1064 1083
1665 1065 1068
1666 1065 1089
1667 1066 998
1668 1066 1086
1669 1067 1071
1670 1067 1095
1671 1068 1106
1672 1069 1078
1673 1069 1108
1674 1070 1097
1675 1071 1087
1676 1072 1073
1677 1072 1124
1678 1073 1091
1679 1074 1101
1680 1074 1085
1681 1075 1111
1682 1076 1081
1683 1076 1113
1684 1077 1102
1685 1078 1115
1686 1079 1084
1687 1079 1116
1688 1080 1094
1689 1080 1098
1690 1081 1123
1691 1082 1086
1692 1082 1114
1693 1083 1129
1694 1084 1100
1695 1085 1104
1696 1086 1145
1697 1087 1114
1698 1087 1095
1699 1088 1119
1700 1088 1096
1701 1089 1093
1702 1089 1125
1703 1090 1098
1704 1090 1118
1705 1091 1092
1706 1091 1130
1707 1092 1131
1708 1093 1105
1709 1094 1112
1710 1095 1099
1711 1096 1128
1712 1097 1103
1713 1097 1110
1714 1098 1134
1715 1099 1164
1716 1100 1108
1717 1100 1120
1718 1101 1103
1719 1101 1117
1720 1102 1146
1721 1102 1119
1722 1103 1110
1723 1103 1117
1724 1104 1122
1725 1104 1136
1726 1105 1131
1727 1105 1125
1728 1106 1148
1729 1106 1132
1730 1107 1132
1731 1107 1126
1732 1108 1139
1733 1109 1121
1734 1109 1151
1735 1110 1121
1736 1111 1112
1737 1111 1136
1738 1112 1141
1739 1113 1118
1740 1113 1135
1741 1114 1163
1742 1115 1126
1743 1115 1143
1744 1116 1120
1745 1116 1185
1746 1117 1127
1747 1118 1137
1748 1119 1142
1749 1120 1150
1750 1121 1151
1751 1122 1133
1752 1122 1156
1753 1123 1135
1754 1123 1145
1755 1124 1165
1756 1124 1130
1757 1125 1138
1758 1126 1149
1759 1127 1133
1760 1127 1152
1761 1128 1129
1762 1128 1154
1763 1129 1147
1764 1130 1206
1765 1131 1155
1766 1132 1166
1767 1133 1140
1768 1134 1141
1769 1134 1144
1770 1135 1159
1771 1136 1173
1772 1137 1159
1773 1137 1158
1774 1138 1148
1775 1138 1171
1776 1139 1162
1777 1139 1150
1778 1140 1152
1779 1140 1156
1780 1141 1157
1781 1142 1160
1782 1142 1153
1783 1143 1167
1784 1143 1161
1785 1144 1158
1786 1144 1157
1787 1145 1186
1788 1146 1176
1789 1146 1177
1790 1147 1187
1791 1147 1165
1792 1148 1188
1793 1149 1167
1794 1149 1166
1795 1150 1168
1796 1151 1200
1797 1151 1209
1798 1152 1217
1799 1153 1154
1800 1153 1169
1801 1154 1183
1802 1155 1171
1803 1155 1198
1804 1156 1210
1805 1157 1190
1806 1157 1180
1807 1158 1180
1808 1158 1174
1809 1159 1174
1810 1160 1169
1811 1160 1177
1812 1161 1162
1813 1161 1172
1814 1162 1172
1815 1162 1189
1816 1163 1203
1817 1163 1181
1818 1164 1175
1819 1164 1176
1820 1165 1205
1821 1166 1178
1822 1166 1179
1823 1167 1184
1824 1168 1185
1825 1168 1189
1826 1169 1197
1827 1170 1095
1828 1170 1181
1829 1170 1182
1830 1171 1207
1831 1172 1193
1832 1173 1201
1833 1173 1211
1834 1174 1213
1835 1175 1182
1836 1175 1195
1837 1176 1196
1838 1177 1191
1839 1178 1188
1840 1178 1192
1841 1179 1192
1842 1179 1199
1843 1180 1202
1844 1181 1194
1845 1182 1194
1846 1183 1187
1847 1183 1253
1848 1184 1199
1849 1184 1193
1850 1185 1223
1851 1186 1214
1852 1186 1204
1853 1187 1219
1854 1188 1215
1855 1189 1227
1856 1190 1201
1857 1190 1212
1858 1191 1232
1859 1191 1197
1860 1192 1216
1861 1193 1222
1862 1194 1245
1863 1194 1235
1864 1195 1196
1865 1195 1231
1866 1196 1218
1867 1197 1247
1868 1198 1208
1869 1198 1221
1870 1199 1226
1871 1200 1217
1872 1200 1209
1873 1201 1251
1874 1202 1212
1875 1202 1230
1876 1203 1244
1877 1203 1204
1878 1204 1224
1879 1205 1219
1880 1205 1237
1881 1206 1208
1882 1206 1220
1883 1207 1221
1884 1207 1228
1885 1208 1225
1886 1209 1300
1887 1210 1229
1888 1210 1242
1889 1211 1229
1890 1211 1233
1891 1212 1286
1892 1213 1230
1893 1213 1234
1894 1214 1243
1895 1214 1224
1896 1215 1228
1897 1215 1239
1898 1216 1239
1899 1216 1240
1900 1217 1249
1901 1218 1246
1902 1218 1232
1903 1219 1236
1904 1220 1237
1905 1220 1238
1906 1221 1254
1907 1222 1241
1908 1222 1248
1909 1223 1227
1910 1223 1276
1911 1224 1257
1912 1225 1238
1913 1225 1258
1914 1226 1240
1915 1226 1241
1916 1227 1248
1917 1228 1265
1918 1229 1250
1919 1230 1270
1920 1231 1235
1921 1231 1246
1922 1232 1281
1923 1233 1250
1924 1233 1251
1925 1234 1256
1926 1234 1252
1927 1235 1267
1928 1236 1291
1929 1236 1278
1930 1237 1268
1931 1238 1275
1932 1239 1292
1933 1240 1259
1934 1241 1260
1935 1242 1249
1936 1242 1269
1937 1243 1252
1938 1243 1271
1939 1244 1245
1940 1244 1262
1941 1245 1272
1942 1246 1273
1943 1247 1274
1944 1247 1253
1945 1248 1255
1946 1249 1284
1947 1250 1266
1948 1251 1261
1949 1252 1256
1950 1253 1277
1951 1254 1258
1952 1254 1263
1953 1254 1264
1954 1255 1227
1955 1255 1310
1956 1255 1276
1957 1256 1270
1958 1256 1288
1959 1257 1289
1960 1257 1262
1961 1258 1275
1962 1259 1260
1963 1259 1314
1964 1260 1304
1965 1261 1293
1966 1261 1285
1967 1262 1294
1968 1263 1264
1969 1263 1318
1970 1264 1265
1971 1264 1318
1972 1265 1283
1973 1266 1269
1974 1266 1296
1975 1267 1272
1976 1267 1280
1977 1268 1278
1978 1268 1313
1979 1269 1301
1980 1270 1287
1981 1271 1297
1982 1271 1289
1983 1272 1279
1984 1273 1280
1985 1273 1332
1986 1274 1295
1987 1274 1282
1988 1275 1309
1989 1276 1361
1990 1277 1290
1991 1277 1291
1992 1278 1333
1993 1279 1294
1994 1279 1326
1995 1280 1317
1996 1281 1330
1997 1281 1295
1998 1282 1308
1999 1282 1290
2000 1283 1327
2001 1283 1299
2002 1284 1328
2003 1284 1316
2004 1285 1286
2005 1285 1306
2006 1285 1311
2007 1286 1302
2008 1287 1307
2009 1287 1303
2010 1288 1303
2011 1288 1297
2012 1289 1325
2013 1290 1298
2014 1291 1298
2015 1292 1299
2016 1292 1320
2017 1293 1296
2018 1293 1306
2019 1294 1312
2020 1295 1308
2021 1296 1305
2022 1297 1329
2023 1298 1351
2024 1298 1344
2025 1299 1319
2026 1300 1346
2027 1300 1315
2028 1301 1316
2029 1301 1348
2030 1302 1322
2031 1302 1311
2032 1303 1324
2033 1304 1310
2034 1304 1335
2035 1305 1348
2036 1305 1321
2037 1306 1321
2038 1307 1322
2039 1307 1323
2040 1308 1340
2041 1309 1313
2042 1309 1370
2043 1310 1248
2044 1310 1336
2045 1311 1337
2046 1312 1338
2047 1312 1354
2048 1313 1376
2049 1314 1334
2050 1314 1345
2051 1315 1328
2052 1315 1341
2053 1316 1347
2054 1317 1326
2055 1317 1358
2056 1318 1371
2057 1318 1327
2058 1319 1367
2059 1319 1331
2060 1320 1334
2061 1320 1331
2062 1321 1363
2063 1322 1323
2064 1322 1349
2065 1323 1342
2066 1324 1342
2067 1324 1329
2068 1325 1357
2069 1325 1338
2070 1326 1355
2071 1327 1366
2072 1328 1353
2073 1329 1357
2074 1330 1339
2075 1330 1350
2076 1331 1356
2077 1332 1339
2078 1332 1343
2079 1333 1344
2080 1333 1365
2081 1334 1356
2082 1335 1345
2083 1335 1352
2084 1336 1352
2085 1336 1372
2086 1337 1373
2087 1337 1349
2088 1338 1377
2089 1339 1359
2090 1340 1350
2091 1340 1364
2092 1341 1346
2093 1341 1368
2094 1342 1397
2095 1343 1358
2096 1343 1359
2097 1344 1360
2098 1345 1378
2099 1346 1401
2100 1347 1380
2101 1347 1362
2102 1348 1362
2103 1349 1381
2104 1350 1369
2105 1351 1290
2106 1351 1364
2107 1351 1375
2108 1352 1379
2109 1353 1368
2110 1353 1380
2111 1354 1355
2112 1354 1383
2113 1355 1398
2114 1356 1389
2115 1356 1390
2116 1357 1387
2117 1358 1405
2118 1359 1374
2119 1360 1375
2120 1360 1384
2121 1361 1372
2122 1361 1400
2123 1362 1434
2124 1362 1391
2125 1363 1391
2126 1363 1373
2127 1364 1392
2128 1365 1382
2129 1365 1376
2130 1366 1367
2131 1366 1386
2132 1367 1388
2133 1368 1396
2134 1369 1374
2135 1369 1406
2136 1370 1371
2137 1370 1399
2138 1371 1385
2139 1372 1395
2140 1373 1403
2141 1374 1440
2142 1375 1407
2143 1376 1393
2144 1377 1383
2145 1377 1409
2146 1378 1379
2147 1378 1394
2148 1379 1413
2149 1380 1402
2150 1381 1404
2151 1381 1397
2152 1382 1384
2153 1382 1393
2154 1383 1428
2155 1384 1418
2156 1385 1410
2157 1385 1386
2158 1386 1432
2159 1387 1412
2160 1387 1416
2161 1388 1389
2162 1388 1420
2163 1389 1411
2164 1390 1394
2165 1390 1421
2166 1391 1435
2167 1392 1406
2168 1392 1417
2169 1393 1430
2170 1393 1422
2171 1394 1424
2172 1395 1426
2173 1395 1414
2174 1396 1401
2175 1396 1415
2176 1397 1427
2177 1397 1408
2178 1398 1473
2179 1398 1405
2180 1399 1419
2181 1399 1410
2182 1400 1414
2183 1400 1477
2184 1401 1445
2185 1402 1415
2186 1402 1433
2187 1403 1404
2188 1403 1482
2189 1404 1427
2190 1405 1454
2191 1406 1429
2192 1407 1417
2193 1407 1442
2194 1408 1412
2195 1408 1463
2196 1409 1416
2197 1409 1439
2198 1410 1423
2199 1411 1436
2200 1411 1421
2201 1412 1451
2202 1413 1426
2203 1413 1425
2204 1414 1453
2205 1415 1438
2206 1416 1464
2207 1417 1441
2208 1418 1442
2209 1418 1430
2210 1419 1422
2211 1419 1431
2212 1420 1432
2213 1420 1443
2214 1421 1449
2215 1422 1458
2216 1423 1431
2217 1423 1475
2218 1424 1425
2219 1424 1444
2220 1425 1437
2221 1426 1437
2222 1426 1453
2223 1427 1483
2224 1428 1439
2225 1428 1465
2226 1429 1457
2227 1429 1441
2228 1430 1382
2229 1430 1447
2230 1431 1494
2231 1432 1448
2232 1433 1446
2233 1433 1461
2234 1434 1347
2235 1434 1446
2236 1434 1450
2237 1435 1462
2238 1435 1469
2239 1436 1443
2240 1436 1459
2241 1437 1460
2242 1438 1445
2243 1438 1461
2244 1439 1479
2245 1440 1455
2246 1440 1456
2247 1441 1474
2248 1442 1447
2249 1442 1485
2250 1443 1452
2251 1444 1466
2252 1444 1460
2253 1445 1550
2254 1446 1467
2255 1447 1470
2256 1448 1476
2257 1448 1452
2258 1449 1459
2259 1449 1466
2260 1450 1468
2261 1450 1462
2262 1451 1471
2263 1451 1472
2264 1452 1486
2265 1453 1481
2266 1454 1455
2267 1454 1497
2268 1455 1480
2269 1456 1457
2270 1456 1480
2271 1457 1499
2272 1458 1470
2273 1458 1501
2274 1459 1486
2275 1460 1496
2276 1461 1511
2277 1462 1468
2278 1462 1469
2279 1463 1484
2280 1463 1471
2281 1464 1472
2282 1464 1489
2283 1465 1473
2284 1465 1490
2285 1466 1502
2286 1467 1503
2287 1467 1468
2288 1468 1478
2289 1469 1488
2290 1470 1521
2291 1471 1493
2292 1472 1506
2293 1473 1515
2294 1474 1485
2295 1474 1508
2296 1475 1476
2297 1475 1516
2298 1476 1495
2299 1477 1487
2300 1477 1510
2301 1478 1467
2302 1478 1462
2303 1478 1512
2304 1479 1489
2305 1479 1490
2306 1480 1498
2307 1481 1509
2308 1481 1487
2309 1482 1488
2310 1482 1492
2311 1483 1513
2312 1483 1484
2313 1484 1505
2314 1485 1500
2315 1486 1495
2316 1486 1491
2317 1487 1510
2318 1488 1544
2319 1488 1504
2320 1489 1517
2321 1490 1507
2322 1491 1564
2323 1491 1502
2324 1492 1504
2325 1492 1513
2326 1493 1505
2327 1493 1506
2328 1494 1501
2329 1494 1529
2330 1495 1522
2331 1496 1509
2332 1496 1548
2333 1497 1535
2334 1497 1518
2335 1498 1518
2336 1498 1533
2337 1499 1523
2338 1499 1508
2339 1500 1526
2340 1500 1521
2341 1501 1528
2342 1502 1557
2343 1503 1520
2344 1503 1512
2345 1504 1539
2346 1505 1514
2347 1506 1514
2348 1507 1517
2349 1507 1515
2350 1508 1519
2351 1509 1537
2352 1510 1538
2353 1511 1530
2354 1511 1520
2355 1512 1531
2356 1513 1534
2357 1514 1545
2358 1515 1525
2359 1516 1529
2360 1516 1524
2361 1517 1532
2362 1517 1551
2363 1518 1561
2364 1519 1536
2365 1519 1526
2366 1520 1542
2367 1520 1543
2368 1521 1527
2369 1522 1524
2370 1522 1554
2371 1523 1533
2372 1523 1536
2373 1524 1547
2374 1525 1552
2375 1525 1535
2376 1526 1563
2377 1527 1528
2378 1527 1583
2379 1527 1570
2380 1528 1556
2381 1529 1553
2382 1530 1550
2383 1530 1542
2384 1531 1543
2385 1531 1559
2386 1532 1540
2387 1532 1551
2388 1533 1541
2389 1534 1574
2390 1534 1555
2391 1535 1546
2392 1536 1562
2393 1537 1538
2394 1537 1549
2395 1538 1558
2396 1539 1544
2397 1539 1573
2398 1540 1506
2399 1540 1580
2400 1541 1568
2401 1541 1569
2402 1542 1511
2403 1542 1572
2404 1543 1566
2405 1544 1559
2406 1545 1555
2407 1545 1588
2408 1546 1560
2409 1546 1576
2410 1547 1553
2411 1547 1585
2412 1548 1565
2413 1548 1587
2414 1549 1558
2415 1549 1594
2416 1550 1603
2417 1551 1581
2418 1552 1575
2419 1552 1560
2420 1553 1584
2421 1554 1578
2422 1554 1585
2423 1555 1592
2424 1556 1570
2425 1556 1577
2426 1557 1565
2427 1557 1571
2428 1558 1606
2429 1559 1620
2430 1559 1598
2431 1560 1575
2432 1561 1567
2433 1561 1568
2434 1562 1569
2435 1562 1601
2436 1563 1601
2437 1563 1583
2438 1564 1579
2439 1564 1578
2440 1565 1586
2441 1565 1602
2442 1566 1572
2443 1566 1613
2444 1567 1576
2445 1567 1582
2446 1568 1582
2447 1568 1604
2448 1569 1604
2449 1570 1593
2450 1571 1579
2451 1571 1586
2452 1572 1603
2453 1573 1591
2454 1573 1598
2455 1574 1591
2456 1574 1595
2457 1575 1589
2458 1576 1611
2459 1577 1597
2460 1577 1593
2461 1578 1579
2462 1578 1630
2463 1579 1590
2464 1580 1588
2465 1580 1599
2466 1581 1599
2467 1581 1600
2468 1582 1626
2469 1583 1621
2470 1584 1597
2471 1584 1605
2472 1585 1605
2473 1586 1622
2474 1587 1594
2475 1587 1602
2476 1588 1608
2477 1589 1610
2478 1589 1596
2479 1590 1571
2480 1590 1622
2481 1591 1614
2482 1592 1595
2483 1592 1615
2484 1593 1624
2485 1594 1606
2486 1595 1607
2487 1596 1618
2488 1596 1609
2489 1597 1628
2490 1598 1623
2491 1599 1616
2492 1600 1618
2493 1600 1617
2494 1601 1612
2495 1602 1625
2496 1603 1613
2497 1604 1627
2498 1605 1619
2499 1606 1625
2500 1607 1614
2501 1607 1615
2502 1608 1615
2503 1608 1607
2504 1608 1616
2505 1609 1618
2506 1609 1610
2507 1610 1611
2508 1611 1626
2509 1612 1621
2510 1612 1627
2511 1613 1620
2512 1613 1623
2513 1614 1623
2514 1615 1616
2515 1616 1617
2516 1617 1618
2517 1619 1630
2518 1619 1628
2519 1620 1531
2520 1620 1603
2521 1620 1623
2522 1621 1624
2523 1622 1629
2524 1624 1628
2525 1625 1622
2526 1625 1629
2527 1626 1627
2528 1629 1630
